140781
66211
21957
73722
20167
17306
16663
59011
67718
17897
76585
68515
74686
210321
11464
381286
59006
58916
76459
11472
17882
68694
17189
67855
NA
378431
21380
17878
229665
17907
21384
53318
73719
13808
11811
68794
67127
74175
17189
76722
67828
76475
NA
319489
233199
13628
68802
15464
74183
24131
18740
66106
17906
69540
59069
72434
228003
NA
21953
83492
11636
56012
22003
17752
17901
57262
23828
76294
241431
228151
16682
12862
69564
20129
16670
11474
78321
12292
NA
11459
278473
14077
16939
66957
73712
21925
14077
225443
56519
69611
71869
11937
67971
66344
76469
94060
17349
18134
16832
12869
