11637
72682
NA
171186
NA
21885
67302
67027
NA
58229
232685
NA
12576
13209
108079
242594
244672
66270
18720
214899
NA
227624
78757
70610
15483
72739
74143
192195
NA
209239
68035
319817
NA
242362
320405
216613
67628
15181
74645
97064
74637
66205
21871
12874
208449
269023
72823
59125
12877
245622
67501
208846
108655
233575
NA
107508
20481
98910
66142
229279
20384
72972
78586
211586
NA
22262
241075
NA
14630
68146
16542
71544
216543
22026
50791
73503
56291
76014
76884
NA
70750
70604
12816
52846
227334
77300
230793
73980
268281
67956
17342
215160
17260
20955
18606
74958
21453
70769
320226
98682
18018
72289
66683
26424
70637
75654
56367
57261
NA
71834
67579
209645
26441
67916
19883
216829
226154
NA
56376
56702
17536
13211
71544
212285
76709
384717
23849
19988
56351
17999
94282
19358
14020
23955
226541
17246
140630
NA
29876
77590
13002
72485
66454
210992
17909
71745
15289
99470
19385
20384
216227
105351
52822
13026
414090
330177
18029
20688
12577
72686
77864
NA
69082
70591
21366
NA
94185
76130
11950
68598
208777
229542
77593
12317
NA
24136
16969
23871
26874
338320
18027
229279
319277
30934
29876
NA
52202
58208
270028
116940
69834
67998
23888
109254
54160
20340
19046
67797
19211
227227
235461
328329
23881
19013
12013
71375
67768
71633
140780
66307
18128
17129
320924
17765
72805
20742
56095
229279
212943
14884
246738
83602
26408
170707
12283
64143
NA
226252
66816
60596
NA
NA
NA
81896
217615
12293
333789
13205
22234
18145
16792
20852
234797
17384
338355
57748
72573
22619
228355
239447
22631
69288
NA
13669
170936
235386
58207
382117
18458
228005
244895
12530
13171
19766
17714
NA
18688
238386
21750
230784
258797
381259
224105
214133
55990
NA
208647
NA
24044
235041
52713
74030
353170
245945
15980
66912
NA
212632
74081
105148
109624
320165
15412
13627
100019
76719
83602
13688
229225
381598
213389
56637
226016
327978
67521
19988
68152
76014
319804
78697
13998
